tileswide 31
tileshigh 13
tilewidth 16
tileheight 16

layer 0
1 1 1 1 1 1 1 1 1 1 1 1 1 1 1 1 1 1 1 1 1 1 1 1 1 1 1 1 1 1 1 
1 0 0 1 0 0 0 0 0 0 0 0 2 0 0 0 0 0 0 0 0 0 0 0 0 2 2 0 0 0 1 
1 0 0 1 0 0 0 2 2 0 0 0 1 0 2 2 0 2 0 0 0 1 1 1 1 1 2 2 0 0 1 
1 0 0 0 1 1 1 1 1 0 0 0 1 0 0 2 0 0 2 0 0 2 0 0 0 1 0 0 0 0 1 
1 0 0 0 0 1 0 2 0 0 0 0 1 1 1 2 0 0 0 0 0 0 0 0 0 1 1 1 1 0 1 
1 0 0 0 0 0 0 2 0 0 1 0 0 0 2 1 0 0 1 0 0 1 2 2 1 1 0 0 1 0 1 
1 2 1 1 1 1 0 2 0 0 1 0 2 2 2 1 0 0 1 0 2 1 0 0 0 1 0 0 1 2 1 
1 0 0 1 0 0 2 2 1 1 1 1 0 0 0 1 0 0 1 0 2 1 0 0 0 1 0 0 1 0 1 
1 0 0 1 0 0 0 2 0 0 0 1 0 0 0 1 0 0 1 0 0 1 0 0 0 1 0 0 1 2 1 
1 0 0 1 1 0 0 1 2 0 0 1 1 0 0 1 0 2 1 1 1 1 1 1 1 1 0 0 1 0 1 
1 0 0 0 1 1 1 1 2 0 2 2 0 1 1 1 2 2 0 0 1 1 0 0 0 0 2 0 0 2 1 
1 0 0 1 1 0 0 0 0 0 0 2 0 0 0 0 2 0 0 1 1 2 2 2 0 0 2 0 0 0 1 
1 1 1 1 1 1 1 1 1 1 1 1 1 1 1 1 1 1 1 1 1 1 1 1 1 1 1 1 1 1 1 

